# This file may be used to create an environment using:
# $ conda create --name <env> --file <this file>
# platform: win-64
autopep8=1.6.0=pyhd8ed1ab_1
bzip2=1.0.8=h8ffe710_4
ca-certificates=2021.10.8=h5b45459_0
click=8.0.4=py310h5588dad_0
colorama=0.4.4=pyh9f0ad1d_0
flask=2.0.3=pyhd8ed1ab_0
flask_cors=3.0.10=pyhd3deb0d_0
intel-openmp=2022.0.0=h57928b3_3663
itsdangerous=2.1.1=pyhd8ed1ab_0
jinja2=3.0.3=pyhd8ed1ab_0
libblas=3.9.0=13_win64_mkl
libcblas=3.9.0=13_win64_mkl
libffi=3.4.2=h8ffe710_5
liblapack=3.9.0=13_win64_mkl
libzlib=1.2.11=h8ffe710_1013
markupsafe=2.1.0=py310he2412df_1
mkl=2022.0.0=h0e2418a_796
numpy=1.22.3=py310hcae7c84_0
openssl=3.0.0=h8ffe710_2
pandas=1.4.1=py310hf5e1058_0
pip=22.0.4=pyhd8ed1ab_0
pycodestyle=2.8.0=pyhd8ed1ab_0
python=3.10.2=hcf16a7b_4_cpython
python-dateutil=2.8.2=pyhd8ed1ab_0
python_abi=3.10=2_cp310
pytz=2021.3=pyhd8ed1ab_0
setuptools=60.9.3=py310h5588dad_0
six=1.16.0=pyh6c4a22f_0
sqlite=3.37.0=h8ffe710_0
tbb=2021.5.0=h2d74725_0
tk=8.6.12=h8ffe710_0
toml=0.10.2=pyhd8ed1ab_0
tzdata=2021e=he74cb21_0
ucrt=10.0.20348.0=h57928b3_0
vc=14.2=hb210afc_6
vs2015_runtime=14.29.30037=h902a5da_6
werkzeug=2.0.3=pyhd8ed1ab_1
wheel=0.37.1=pyhd8ed1ab_0
xz=5.2.5=h62dcd97_1
